player_sheet_stage2.png

Idle
4
0.1 0 0 674 405
0.1 674 0 674 405
0.1 1348 0 674 405
0.1 2022 0 674 405

Sneak
4
0.1 0 405 674 405
0.1 674 405 674 405
0.1 1348 405 674 405
0.1 2022 405 674 405

Move
4
0.1 0 405 674 405
0.1 674 405 674 405
0.1 1348 405 674 405
0.1 2022 405 674 405

Dash
5
0.1 0 810 674 405
0.1 674 810 674 405
0.1 674 810 674 405
0.1 674 810 674 405
0.1 1348 810 674 405

Chew
4
0.1 1348 1215 674 405
0.1 2022 1215 674 405
0.1 2696 1215 674 405
0.1 3370 1215 674 405

Death
14
0.1 0 1620 674 405
0.1 674 1620 674 405
0.1 1348 1620 674 405
0.1 2022 1620 674 405
0.1 2696 1620 674 405
0.1 3370 1620 674 405
0.1 3370 1620 674 405
0.1 3370 1620 674 405
0.1 3370 1620 674 405
0.1 3370 1620 674 405
0.1 4044 1620 674 405
0.1 4718 1620 674 405
0.1 5392 1620 674 405
0.1 6066 1620 674 405

GrowingLevel
4
0.1 0 2025 674 405
0.1 674 2025 674 405
0.1 1348 2025 674 405
0.1 2022 2025 674 405

GrowingStage
4
0.1 0 2430 674 405
0.1 674 2430 674 405
0.1 1348 2430 1196 636
0.1 2544 2430 1196 636