player_sheet_stage3.png

Idle
4
0.1 0 0 1196 636
0.1 1196 0 1196 636
0.1 2392 0 1196 636
0.1 3588 0 1196 636

Sneak
4
0.1 0 636 1196 636
0.1 1196 636 1196 636
0.1 2392 636 1196 636
0.1 3588 636 1196 636

Move
4
0.1 0 636 1196 636
0.1 1196 636 1196 636
0.1 2392 636 1196 636
0.1 3588 636 1196 636

Dash
5
0.1 0 1272 1196 636
0.1 1196 1272 1196 636
0.1 1196 1272 1196 636
0.1 1196 1272 1196 636
0.1 2392 1272 1196 636

Chew
4
0.1 2392 1908 1196 636
0.1 3588 1908 1196 636
0.1 4784 1908 1196 636
0.1 5980 1908 1196 636

Death
14
0.1 0 2544 1196 636
0.1 1196 2544 1196 636
0.1 2392 2544 1196 636
0.1 3588 2544 1196 636
0.1 4784 2544 1196 636
0.1 5980 2544 1196 636
0.1 5980 2544 1196 636
0.1 5980 2544 1196 636
0.1 5980 2544 1196 636
0.1 5980 2544 1196 636
0.1 7176 2544 1196 636
0.1 8372 2544 1196 636
0.1 9568 2544 1196 636
0.1 10764 2544 1196 636

GrowingLevel
4
0.1 0 3180 1196 636
0.1 1196 3180 1196 636
0.1 2392 3180 1196 636
0.1 3588 3180 1196 636