player_sheet_v4.png

Idle
4
0.1 0 0 237 195
0.1 237 0 237 195
0.1 474 0 237 195
0.1 711 0 237 195

Sneak
4
0.1 0 195 237 195
0.1 237 195 237 195
0.1 474 195 237 195
0.1 711 195 237 195

Move
4
0.1 0 585 237 195
0.1 237 585 237 195
0.1 474 585 237 195
0.1 711 585 237 195

Dash
3
0.1 0 1170 237 195
0.1 237 1170 237 195
0.1 474 1170 237 195

Chew
4
0.1 474 1365 237 195
0.1 711 1365 237 195
0.1 948 1365 237 195
0.1 1185 1365 237 195

Death
6
0.1 0 1560 237 195
0.1 237 1560 237 195
0.1 474 1560 237 195
0.1 711 1560 237 195
0.1 948 1560 237 195
0.1 1185 1560 237 195
